2020-04-04

MLP cross validation

Computer
|
|__CPU --> i5
|__RAM --> 32 GB
|__Thread --> 4

Parameters:
        alpha = [0.0001*10**x for x in list(range(5))]
        combination = (10, 100, 1000)
        comb1 = list(combinations_with_replacement(combination, 1))
        comb2 = list(combinations_with_replacement(combination, 2))
        comb3 = list(combinations_with_replacement(combination, 3))
        total_com = comb1 + comb2 + comb3

        parameters = [{'estimator__alpha': alpha, 'estimator__hidden_layer_sizes': total_com}]

Images resolution : 32 x 32 px

Dataset: 5606 images
Train size = 0.85 x dataset size

Classifier type = 1

K-folds: 3

# kappa_scorer = make_scorer(cohen_kappa_score)
self.classifier = GridSearchCV(self.classifier, parameters,
                               n_jobs=-1,
                               verbose=2,
                               cv=3,
                               return_train_score=True,
                               scoring='f1_macro')

Elapsed time: 14638.21407866478


Cross validation result
{'mean_fit_time': array([  19.79738887,   44.35629988,  265.98546576,   34.82379397,
         38.02798621,   60.07898935,   45.92883801,  111.35387182,
        567.07618022,   39.86834939,   41.05620281,   82.258322  ,
         25.32560404,   89.78471613,  372.54724081,   65.58626827,
        100.60487199,  477.93475548, 1172.49837359,   33.73511513,
         53.08093874,  266.73778288,   21.61347055,   30.63241156,
         68.75776005,   47.60269602,  112.45426114,  582.40465069,
         42.72575998,   43.6107134 ,   82.40344286,   27.09574119,
         96.37060674,  390.98668647,   68.46966004,  106.9169898 ,
        451.88315694,  906.49279984,   34.54087607,   53.2366279 ,
        275.03434078,   15.86208518,   26.29900161,   72.73044578,
         49.23995852,  109.30851944,  575.12195992,   41.70879666,
         42.20033995,   76.99257207,   26.14408215,   94.6448888 ,
        391.26790619,   68.11657413,  105.37989155,  439.96922406,
        907.74536578,   35.49008775,   54.7204992 ,  274.38630557,
         17.0999349 ,   25.78803404,   72.0915362 ,   48.20176069,
        109.57992792,  581.54806503,   40.72259959,   42.31199797,
         79.65844671,   21.7644612 ,  100.83158135,  387.93777283,
         68.55796377,  104.01520697,  449.51624958,  932.41361125,
         36.31908043,   54.50423344,  287.29815698,   17.59678928,
         27.16743882,   73.88301714,   46.91187493,  113.41170025,
        582.23941032,   42.60228086,   41.90559928,   79.39345455,
         23.45532266,  101.65202204,  379.32880473,   67.59244235,
        101.63851905,  445.87658731,  692.80469918]), 'std_fit_time': array([  0.47603856,   0.73009016,   1.40743101,   0.74859995,
         1.79389137,   3.60784657,   0.68810116,   1.46826658,
         4.3756671 ,   2.64505194,   0.78137683,   9.23323687,
         2.60563457,   2.47221243,   2.55829538,   1.11268503,
        11.9982107 ,  30.91639263, 160.09745075,   0.32795145,
         1.28224236,  42.27011093,   0.77843017,   0.63047025,
         4.08578979,   2.06228387,   0.55611662,   4.5261318 ,
         2.80093803,   1.29578424,   8.73555836,   3.45185178,
         0.40328663,   4.06115581,   0.79406347,  12.1958871 ,
         8.20047014,   1.55263657,   0.59565622,   0.87460796,
        13.41000941,   1.84745519,   5.04460051,   5.08127882,
         0.84807832,   1.67565647,   8.12480384,   2.62598215,
         0.97326792,  14.7289562 ,   2.19178418,   1.5944    ,
         5.10293871,   0.99499762,  10.58471546,   8.34926491,
         2.65915747,   0.55810891,   3.42196683,   9.80180284,
         1.43503404,   1.25852771,   0.94187936,   4.23060133,
         1.37756937,   4.53554003,   1.08016   ,   0.2112259 ,
        12.48364292,   1.87885703,   1.94051053,   1.45048225,
         0.47145814,  11.92430554,   2.1446845 ,   3.52873423,
         1.2417203 ,   2.07557224,   6.09060872,   3.01943413,
         1.74914531,   1.42956588,   2.88774678,   3.16010307,
         3.96484814,   1.80065795,   0.88473262,  10.79003986,
         1.43457245,   1.96180415,   2.26430102,   0.54462362,
         9.30002553,   3.5181335 ,  86.38189095]), 'mean_score_time': array([ 0.64427694,  1.63828699, 11.92887306,  1.36435103,  1.6718634 ,
        4.46605754,  2.54087186,  6.14024488, 20.95263346,  1.44846034,
        1.8198003 ,  4.73718667,  1.17751869,  5.4900581 , 13.88154459,
        3.49265909,  7.91483299, 15.65164272, 31.88130148,  1.36734446,
        2.5096217 , 12.91323598,  0.74367881,  1.44413884,  2.96374162,
        2.4670682 ,  6.70739484, 23.53216982,  1.48802129,  1.93715405,
        4.53553812,  0.91488663,  4.02390615, 15.95832308,  3.74432087,
        6.91342449, 17.4047869 , 30.39258099,  1.33310103,  2.56846476,
       10.04597004,  0.53124587,  1.31448428,  4.4331212 ,  2.21973085,
        7.35699232, 21.11253778,  1.49194137,  1.87531932,  4.31080715,
        1.08576266,  5.57716266, 15.89617689,  3.75263174,  7.61696259,
       17.32001464, 31.55993215,  1.35570844,  2.55217552, 10.23595921,
        0.79786801,  1.37831378,  3.5465157 ,  2.80316901,  6.47335513,
       18.75889158,  1.4900163 ,  1.82378888,  4.40854581,  1.26927185,
        4.69056336, 15.397156  ,  3.62031579,  7.87483748, 15.11324938,
       27.3784984 ,  1.29021621,  2.60370239,  8.32825216,  0.47439869,
        1.35171858,  3.79418508,  2.44313343,  6.46271523, 20.21769691,
        1.43748887,  1.8197999 ,  4.40134835,  0.9208715 ,  4.69461624,
       15.60925539,  3.64536691,  7.33937263, 15.39234098, 17.97825297]), 'std_score_time': array([6.68922574e-02, 2.18633785e-01, 1.85119141e+00, 3.48450828e-02,
       4.82475200e-02, 3.68878854e-01, 2.88421898e-01, 9.20992742e-01,
       2.45803639e+00, 9.42066539e-04, 1.55864696e-02, 7.26962427e-01,
       5.59592268e-02, 6.29655830e-01, 3.35231320e+00, 2.75791180e-01,
       8.56797692e-01, 2.27325456e+00, 4.36837785e+00, 2.44703853e-02,
       9.42137538e-02, 1.34597607e+00, 4.12194350e-02, 1.00173754e-01,
       2.58830909e-01, 2.64102305e-01, 6.26372996e-01, 4.04524207e+00,
       2.00627413e-02, 7.31734443e-02, 8.23743389e-01, 2.81688633e-01,
       2.92186236e-01, 2.33960857e+00, 1.07230959e-01, 8.72970213e-01,
       8.53789346e-01, 8.74820641e+00, 2.63420413e-02, 7.13928909e-02,
       3.57973364e+00, 1.31797804e-01, 2.77964195e-01, 5.13042814e-01,
       4.65758611e-01, 1.74624191e-01, 4.06375676e+00, 2.85083911e-02,
       1.64547157e-02, 1.01038617e+00, 2.78237667e-01, 1.69679415e-01,
       2.45794194e+00, 1.38972216e-01, 3.77747161e-01, 2.12481811e+00,
       8.46132548e+00, 1.15254435e-02, 4.53177708e-02, 3.18263703e+00,
       2.57570771e-01, 6.66397054e-02, 4.39411157e-01, 1.66952033e-01,
       7.33816250e-01, 3.18461877e+00, 2.99338016e-02, 3.02998500e-02,
       1.04468093e+00, 6.17232050e-02, 1.27436988e+00, 2.16655137e+00,
       9.04688897e-02, 7.04522934e-01, 2.34768141e+00, 1.10689018e+01,
       1.81609520e-02, 9.29263151e-02, 2.75405966e+00, 3.42054954e-02,
       1.48465743e-01, 6.64713073e-01, 2.97579197e-01, 7.79674918e-01,
       3.48504331e+00, 5.00419369e-02, 9.66150572e-02, 8.89875815e-01,
       2.80362356e-01, 1.09320859e+00, 2.18780607e+00, 4.97339625e-03,
       6.33434964e-01, 3.28836310e+00, 8.67752959e+00]), 'param_estimator__alpha': masked_array(data=[0.0001, 0.0001, 0.0001, 0.0001, 0.0001, 0.0001, 0.0001,
                   0.0001, 0.0001, 0.0001, 0.0001, 0.0001, 0.0001, 0.0001,
                   0.0001, 0.0001, 0.0001, 0.0001, 0.0001, 0.001, 0.001,
                   0.001, 0.001, 0.001, 0.001, 0.001, 0.001, 0.001, 0.001,
                   0.001, 0.001, 0.001, 0.001, 0.001, 0.001, 0.001, 0.001,
                   0.001, 0.01, 0.01, 0.01, 0.01, 0.01, 0.01, 0.01, 0.01,
                   0.01, 0.01, 0.01, 0.01, 0.01, 0.01, 0.01, 0.01, 0.01,
                   0.01, 0.01, 0.1, 0.1, 0.1, 0.1, 0.1, 0.1, 0.1, 0.1,
                   0.1, 0.1, 0.1, 0.1, 0.1, 0.1, 0.1, 0.1, 0.1, 0.1, 0.1,
                   1.0, 1.0, 1.0, 1.0, 1.0, 1.0, 1.0, 1.0, 1.0, 1.0, 1.0,
                   1.0, 1.0, 1.0, 1.0, 1.0, 1.0, 1.0, 1.0],
             mask=[False, False, False, False, False, False, False, False,
                   False, False, False, False, False, False, False, False,
                   False, False, False, False, False, False, False, False,
                   False, False, False, False, False, False, False, False,
                   False, False, False, False, False, False, False, False,
                   False, False, False, False, False, False, False, False,
                   False, False, False, False, False, False, False, False,
                   False, False, False, False, False, False, False, False,
                   False, False, False, False, False, False, False, False,
                   False, False, False, False, False, False, False, False,
                   False, False, False, False, False, False, False, False,
                   False, False, False, False, False, False, False],
       fill_value='?',
            dtype=object), 'param_estimator__hidden_layer_sizes': masked_array(data=[(10,), (100,), (1000,), (10, 10), (10, 100),
                   (10, 1000), (100, 100), (100, 1000), (1000, 1000),
                   (10, 10, 10), (10, 10, 100), (10, 10, 1000),
                   (10, 100, 100), (10, 100, 1000), (10, 1000, 1000),
                   (100, 100, 100), (100, 100, 1000), (100, 1000, 1000),
                   (1000, 1000, 1000), (10,), (100,), (1000,), (10, 10),
                   (10, 100), (10, 1000), (100, 100), (100, 1000),
                   (1000, 1000), (10, 10, 10), (10, 10, 100),
                   (10, 10, 1000), (10, 100, 100), (10, 100, 1000),
                   (10, 1000, 1000), (100, 100, 100), (100, 100, 1000),
                   (100, 1000, 1000), (1000, 1000, 1000), (10,), (100,),
                   (1000,), (10, 10), (10, 100), (10, 1000), (100, 100),
                   (100, 1000), (1000, 1000), (10, 10, 10), (10, 10, 100),
                   (10, 10, 1000), (10, 100, 100), (10, 100, 1000),
                   (10, 1000, 1000), (100, 100, 100), (100, 100, 1000),
                   (100, 1000, 1000), (1000, 1000, 1000), (10,), (100,),
                   (1000,), (10, 10), (10, 100), (10, 1000), (100, 100),
                   (100, 1000), (1000, 1000), (10, 10, 10), (10, 10, 100),
                   (10, 10, 1000), (10, 100, 100), (10, 100, 1000),
                   (10, 1000, 1000), (100, 100, 100), (100, 100, 1000),
                   (100, 1000, 1000), (1000, 1000, 1000), (10,), (100,),
                   (1000,), (10, 10), (10, 100), (10, 1000), (100, 100),
                   (100, 1000), (1000, 1000), (10, 10, 10), (10, 10, 100),
                   (10, 10, 1000), (10, 100, 100), (10, 100, 1000),
                   (10, 1000, 1000), (100, 100, 100), (100, 100, 1000),
                   (100, 1000, 1000), (1000, 1000, 1000)],
             mask=[False, False, False, False, False, False, False, False,
                   False, False, False, False, False, False, False, False,
                   False, False, False, False, False, False, False, False,
                   False, False, False, False, False, False, False, False,
                   False, False, False, False, False, False, False, False,
                   False, False, False, False, False, False, False, False,
                   False, False, False, False, False, False, False, False,
                   False, False, False, False, False, False, False, False,
                   False, False, False, False, False, False, False, False,
                   False, False, False, False, False, False, False, False,
                   False, False, False, False, False, False, False, False,
                   False, False, False, False, False, False, False],
       fill_value='?',
            dtype=object), 'params': [{'estimator__alpha': 0.0001, 'estimator__hidden_layer_sizes': (10,)}, {'estimator__alpha': 0.0001, 'estimator__hidden_layer_sizes': (100,)}, {'estimator__alpha': 0.0001, 'estimator__hidden_layer_sizes': (1000,)}, {'estimator__alpha': 0.0001, 'estimator__hidden_layer_sizes': (10, 10)}, {'estimator__alpha': 0.0001, 'estimator__hidden_layer_sizes': (10, 100)}, {'estimator__alpha': 0.0001, 'estimator__hidden_layer_sizes': (10, 1000)}, {'estimator__alpha': 0.0001, 'estimator__hidden_layer_sizes': (100, 100)}, {'estimator__alpha': 0.0001, 'estimator__hidden_layer_sizes': (100, 1000)}, {'estimator__alpha': 0.0001, 'estimator__hidden_layer_sizes': (1000, 1000)}, {'estimator__alpha': 0.0001, 'estimator__hidden_layer_sizes': (10, 10, 10)}, {'estimator__alpha': 0.0001, 'estimator__hidden_layer_sizes': (10, 10, 100)}, {'estimator__alpha': 0.0001, 'estimator__hidden_layer_sizes': (10, 10, 1000)}, {'estimator__alpha': 0.0001, 'estimator__hidden_layer_sizes': (10, 100, 100)}, {'estimator__alpha': 0.0001, 'estimator__hidden_layer_sizes': (10, 100, 1000)}, {'estimator__alpha': 0.0001, 'estimator__hidden_layer_sizes': (10, 1000, 1000)}, {'estimator__alpha': 0.0001, 'estimator__hidden_layer_sizes': (100, 100, 100)}, {'estimator__alpha': 0.0001, 'estimator__hidden_layer_sizes': (100, 100, 1000)}, {'estimator__alpha': 0.0001, 'estimator__hidden_layer_sizes': (100, 1000, 1000)}, {'estimator__alpha': 0.0001, 'estimator__hidden_layer_sizes': (1000, 1000, 1000)}, {'estimator__alpha': 0.001, 'estimator__hidden_layer_sizes': (10,)}, {'estimator__alpha': 0.001, 'estimator__hidden_layer_sizes': (100,)}, {'estimator__alpha': 0.001, 'estimator__hidden_layer_sizes': (1000,)}, {'estimator__alpha': 0.001, 'estimator__hidden_layer_sizes': (10, 10)}, {'estimator__alpha': 0.001, 'estimator__hidden_layer_sizes': (10, 100)}, {'estimator__alpha': 0.001, 'estimator__hidden_layer_sizes': (10, 1000)}, {'estimator__alpha': 0.001, 'estimator__hidden_layer_sizes': (100, 100)}, {'estimator__alpha': 0.001, 'estimator__hidden_layer_sizes': (100, 1000)}, {'estimator__alpha': 0.001, 'estimator__hidden_layer_sizes': (1000, 1000)}, {'estimator__alpha': 0.001, 'estimator__hidden_layer_sizes': (10, 10, 10)}, {'estimator__alpha': 0.001, 'estimator__hidden_layer_sizes': (10, 10, 100)}, {'estimator__alpha': 0.001, 'estimator__hidden_layer_sizes': (10, 10, 1000)}, {'estimator__alpha': 0.001, 'estimator__hidden_layer_sizes': (10, 100, 100)}, {'estimator__alpha': 0.001, 'estimator__hidden_layer_sizes': (10, 100, 1000)}, {'estimator__alpha': 0.001, 'estimator__hidden_layer_sizes': (10, 1000, 1000)}, {'estimator__alpha': 0.001, 'estimator__hidden_layer_sizes': (100, 100, 100)}, {'estimator__alpha': 0.001, 'estimator__hidden_layer_sizes': (100, 100, 1000)}, {'estimator__alpha': 0.001, 'estimator__hidden_layer_sizes': (100, 1000, 1000)}, {'estimator__alpha': 0.001, 'estimator__hidden_layer_sizes': (1000, 1000, 1000)}, {'estimator__alpha': 0.01, 'estimator__hidden_layer_sizes': (10,)}, {'estimator__alpha': 0.01, 'estimator__hidden_layer_sizes': (100,)}, {'estimator__alpha': 0.01, 'estimator__hidden_layer_sizes': (1000,)}, {'estimator__alpha': 0.01, 'estimator__hidden_layer_sizes': (10, 10)}, {'estimator__alpha': 0.01, 'estimator__hidden_layer_sizes': (10, 100)}, {'estimator__alpha': 0.01, 'estimator__hidden_layer_sizes': (10, 1000)}, {'estimator__alpha': 0.01, 'estimator__hidden_layer_sizes': (100, 100)}, {'estimator__alpha': 0.01, 'estimator__hidden_layer_sizes': (100, 1000)}, {'estimator__alpha': 0.01, 'estimator__hidden_layer_sizes': (1000, 1000)}, {'estimator__alpha': 0.01, 'estimator__hidden_layer_sizes': (10, 10, 10)}, {'estimator__alpha': 0.01, 'estimator__hidden_layer_sizes': (10, 10, 100)}, {'estimator__alpha': 0.01, 'estimator__hidden_layer_sizes': (10, 10, 1000)}, {'estimator__alpha': 0.01, 'estimator__hidden_layer_sizes': (10, 100, 100)}, {'estimator__alpha': 0.01, 'estimator__hidden_layer_sizes': (10, 100, 1000)}, {'estimator__alpha': 0.01, 'estimator__hidden_layer_sizes': (10, 1000, 1000)}, {'estimator__alpha': 0.01, 'estimator__hidden_layer_sizes': (100, 100, 100)}, {'estimator__alpha': 0.01, 'estimator__hidden_layer_sizes': (100, 100, 1000)}, {'estimator__alpha': 0.01, 'estimator__hidden_layer_sizes': (100, 1000, 1000)}, {'estimator__alpha': 0.01, 'estimator__hidden_layer_sizes': (1000, 1000, 1000)}, {'estimator__alpha': 0.1, 'estimator__hidden_layer_sizes': (10,)}, {'estimator__alpha': 0.1, 'estimator__hidden_layer_sizes': (100,)}, {'estimator__alpha': 0.1, 'estimator__hidden_layer_sizes': (1000,)}, {'estimator__alpha': 0.1, 'estimator__hidden_layer_sizes': (10, 10)}, {'estimator__alpha': 0.1, 'estimator__hidden_layer_sizes': (10, 100)}, {'estimator__alpha': 0.1, 'estimator__hidden_layer_sizes': (10, 1000)}, {'estimator__alpha': 0.1, 'estimator__hidden_layer_sizes': (100, 100)}, {'estimator__alpha': 0.1, 'estimator__hidden_layer_sizes': (100, 1000)}, {'estimator__alpha': 0.1, 'estimator__hidden_layer_sizes': (1000, 1000)}, {'estimator__alpha': 0.1, 'estimator__hidden_layer_sizes': (10, 10, 10)}, {'estimator__alpha': 0.1, 'estimator__hidden_layer_sizes': (10, 10, 100)}, {'estimator__alpha': 0.1, 'estimator__hidden_layer_sizes': (10, 10, 1000)}, {'estimator__alpha': 0.1, 'estimator__hidden_layer_sizes': (10, 100, 100)}, {'estimator__alpha': 0.1, 'estimator__hidden_layer_sizes': (10, 100, 1000)}, {'estimator__alpha': 0.1, 'estimator__hidden_layer_sizes': (10, 1000, 1000)}, {'estimator__alpha': 0.1, 'estimator__hidden_layer_sizes': (100, 100, 100)}, {'estimator__alpha': 0.1, 'estimator__hidden_layer_sizes': (100, 100, 1000)}, {'estimator__alpha': 0.1, 'estimator__hidden_layer_sizes': (100, 1000, 1000)}, {'estimator__alpha': 0.1, 'estimator__hidden_layer_sizes': (1000, 1000, 1000)}, {'estimator__alpha': 1.0, 'estimator__hidden_layer_sizes': (10,)}, {'estimator__alpha': 1.0, 'estimator__hidden_layer_sizes': (100,)}, {'estimator__alpha': 1.0, 'estimator__hidden_layer_sizes': (1000,)}, {'estimator__alpha': 1.0, 'estimator__hidden_layer_sizes': (10, 10)}, {'estimator__alpha': 1.0, 'estimator__hidden_layer_sizes': (10, 100)}, {'estimator__alpha': 1.0, 'estimator__hidden_layer_sizes': (10, 1000)}, {'estimator__alpha': 1.0, 'estimator__hidden_layer_sizes': (100, 100)}, {'estimator__alpha': 1.0, 'estimator__hidden_layer_sizes': (100, 1000)}, {'estimator__alpha': 1.0, 'estimator__hidden_layer_sizes': (1000, 1000)}, {'estimator__alpha': 1.0, 'estimator__hidden_layer_sizes': (10, 10, 10)}, {'estimator__alpha': 1.0, 'estimator__hidden_layer_sizes': (10, 10, 100)}, {'estimator__alpha': 1.0, 'estimator__hidden_layer_sizes': (10, 10, 1000)}, {'estimator__alpha': 1.0, 'estimator__hidden_layer_sizes': (10, 100, 100)}, {'estimator__alpha': 1.0, 'estimator__hidden_layer_sizes': (10, 100, 1000)}, {'estimator__alpha': 1.0, 'estimator__hidden_layer_sizes': (10, 1000, 1000)}, {'estimator__alpha': 1.0, 'estimator__hidden_layer_sizes': (100, 100, 100)}, {'estimator__alpha': 1.0, 'estimator__hidden_layer_sizes': (100, 100, 1000)}, {'estimator__alpha': 1.0, 'estimator__hidden_layer_sizes': (100, 1000, 1000)}, {'estimator__alpha': 1.0, 'estimator__hidden_layer_sizes': (1000, 1000, 1000)}], 'split0_test_score': array([0.04535934, 0.04604727, 0.04426966, 0.04568283, 0.04527873,
       0.04497265, 0.04647581, 0.04580645, 0.04516245, 0.04646565,
       0.04492518, 0.04608696, 0.04318361, 0.04618736, 0.04089932,
       0.04517664, 0.04624113, 0.04449732, 0.04169851, 0.04589597,
       0.04542714, 0.04551598, 0.04519405, 0.04523677, 0.04410557,
       0.04446932, 0.04610334, 0.04566684, 0.0457934 , 0.04449533,
       0.04487875, 0.04263709, 0.04486307, 0.0439483 , 0.04518678,
       0.04476615, 0.04573603, 0.04447005, 0.04543568, 0.04543367,
       0.04623542, 0.04601468, 0.04597015, 0.04518201, 0.04591654,
       0.04393329, 0.0442958 , 0.0612829 , 0.04631442, 0.04515654,
       0.04629537, 0.04434144, 0.04465044, 0.04632827, 0.04592438,
       0.04368859, 0.03735225, 0.04568092, 0.04546952, 0.04531637,
       0.05624012, 0.04601583, 0.04580207, 0.04643654, 0.04395773,
       0.04358197, 0.04591426, 0.04609137, 0.04446983, 0.04646713,
       0.04491751, 0.04648614, 0.04691601, 0.04610334, 0.04557679,
       0.04646954, 0.04532903, 0.04486891, 0.0462106 , 0.0462585 ,
       0.04514879, 0.04413898, 0.04556254, 0.04705882, 0.04533185,
       0.0456529 , 0.04631579, 0.04390805, 0.04567376, 0.04564948,
       0.04505167, 0.04587583, 0.04413419, 0.04660387, 0.04613019]), 'split1_test_score': array([0.04548379, 0.04454148, 0.0442958 , 0.05058396, 0.0449912 ,
       0.04113748, 0.04493473, 0.04439437, 0.04581197, 0.04778378,
       0.04380514, 0.04535721, 0.04180787, 0.04476295, 0.04271457,
       0.0455404 , 0.04523207, 0.04541679, 0.04508606, 0.0479387 ,
       0.04417269, 0.04551378, 0.04456742, 0.04463705, 0.0420765 ,
       0.04515906, 0.04150327, 0.04571429, 0.0450818 , 0.04471635,
       0.04485175, 0.04554015, 0.04177611, 0.04310718, 0.04446824,
       0.04485374, 0.0431694 , 0.04596973, 0.04496788, 0.04456722,
       0.04561063, 0.04348973, 0.0452593 , 0.04232549, 0.04192315,
       0.04293651, 0.04166667, 0.04843147, 0.0437788 , 0.04121511,
       0.0436821 , 0.04196952, 0.0445418 , 0.04566112, 0.04600105,
       0.04535637, 0.04405797, 0.04432194, 0.04437135, 0.04471772,
       0.05293884, 0.04287425, 0.04294187, 0.04394952, 0.04085353,
       0.0449069 , 0.0543177 , 0.04129721, 0.04403337, 0.04294312,
       0.04486963, 0.04391218, 0.04222756, 0.03932854, 0.0425958 ,
       0.04581096, 0.04519662, 0.04439791, 0.04512041, 0.04390173,
       0.04480345, 0.04401146, 0.04106432, 0.04429455, 0.04484171,
       0.04521248, 0.04394025, 0.04456702, 0.04411541, 0.04395263,
       0.04322887, 0.04406523, 0.04326659, 0.04573269, 0.0436821 ]), 'split2_test_score': array([0.04238921, 0.04668467, 0.04494868, 0.04525957, 0.0434372 ,
       0.04381385, 0.04655789, 0.04673401, 0.04400294, 0.0027949 ,
       0.04260536, 0.04367816, 0.0462572 , 0.04399627, 0.04686988,
       0.04408311, 0.04361862, 0.04389881, 0.04375116, 0.045358  ,
       0.04664032, 0.04402585, 0.04262877, 0.04564026, 0.04201021,
       0.04573003, 0.03918092, 0.04188895, 0.04625304, 0.04650365,
       0.04417627, 0.04396601, 0.04513149, 0.04344656, 0.04166165,
       0.04676019, 0.04562334, 0.04536447, 0.04671292, 0.04308036,
       0.04109369, 0.04176707, 0.04306036, 0.03998388, 0.0444687 ,
       0.04600105, 0.0438914 , 0.04575094, 0.04655779, 0.04324125,
       0.0427673 , 0.0448544 , 0.04515245, 0.04439608, 0.04421922,
       0.04460914, 0.04545128, 0.04538557, 0.04388186, 0.03641268,
       0.04251429, 0.04473398, 0.04466556, 0.04487317, 0.04523171,
       0.04248135, 0.04694661, 0.04291714, 0.04535147, 0.04408015,
       0.04059041, 0.04525731, 0.04547044, 0.04274691, 0.04461538,
       0.04307094, 0.04475575, 0.04365124, 0.04301075, 0.04747229,
       0.04305167, 0.0442468 , 0.04417538, 0.04439709, 0.04554734,
       0.0458291 , 0.04632002, 0.04494786, 0.04387048, 0.042996  ,
       0.04354354, 0.04070004, 0.04547531, 0.04407159, 0.04685033]), 'mean_test_score': array([0.04441078, 0.04575781, 0.04450471, 0.04717545, 0.04456904,
       0.04330799, 0.04598948, 0.04564494, 0.04499245, 0.03234811,
       0.04377856, 0.04504077, 0.04374956, 0.04498219, 0.04349459,
       0.04493338, 0.04503061, 0.04460431, 0.04351191, 0.04639756,
       0.04541338, 0.04501854, 0.04413008, 0.04517136, 0.04273076,
       0.04511947, 0.04226251, 0.04442336, 0.04570941, 0.04523844,
       0.04463559, 0.04404775, 0.04392356, 0.04350068, 0.04377222,
       0.04546002, 0.04484292, 0.04526808, 0.04570549, 0.04436042,
       0.04431324, 0.04375716, 0.04476327, 0.04249713, 0.0441028 ,
       0.04429028, 0.04328462, 0.05182177, 0.04555034, 0.0432043 ,
       0.04424826, 0.04372179, 0.04478157, 0.04546183, 0.04538155,
       0.04455137, 0.04228716, 0.04512948, 0.04457424, 0.04214892,
       0.05056441, 0.04454136, 0.04446984, 0.04508641, 0.04334766,
       0.04365674, 0.04905952, 0.04343524, 0.04461822, 0.0444968 ,
       0.04345918, 0.04521854, 0.04487134, 0.04272626, 0.04426266,
       0.04511715, 0.0450938 , 0.04430602, 0.04478059, 0.04587751,
       0.04433464, 0.04413242, 0.04360075, 0.04525015, 0.0452403 ,
       0.04556483, 0.04552535, 0.04447431, 0.04455322, 0.04419937,
       0.04394136, 0.04354703, 0.04429203, 0.04546938, 0.04555421]), 'std_test_score': array([1.43036808e-03, 8.98573341e-04, 3.14110560e-04, 2.41636373e-03,
       8.08892509e-04, 1.60603882e-03, 7.46569251e-04, 9.61957585e-04,
       7.48248855e-04, 2.09042003e-02, 9.47249313e-04, 1.00852057e-03,
       1.85999142e-03, 9.07846501e-04, 2.49909666e-03, 6.19303884e-04,
       1.08007329e-03, 6.24314473e-04, 1.39327016e-03, 1.11166233e-03,
       1.00745173e-03, 7.01935570e-04, 1.09197416e-03, 4.12160384e-04,
       9.72514824e-04, 5.15444409e-04, 2.87660715e-03, 1.79219984e-03,
       4.81830016e-04, 8.99174311e-04, 3.24978744e-04, 1.18657560e-03,
       1.52242247e-03, 3.45510981e-04, 1.52095711e-03, 9.20049306e-04,
       1.18425509e-03, 6.16025154e-04, 7.37512177e-04, 9.71800759e-04,
       2.29081502e-03, 1.74435971e-03, 1.23861469e-03, 2.12559758e-03,
       1.65069804e-03, 1.27630399e-03, 1.15591881e-03, 6.77894050e-03,
       1.25659803e-03, 1.60929463e-03, 1.49492872e-03, 1.25661434e-03,
       2.65978380e-04, 8.01303230e-04, 8.22487405e-04, 6.82094846e-04,
       3.53557079e-03, 5.83605611e-04, 6.63850263e-04, 4.06349314e-03,
       5.84967328e-03, 1.28975711e-03, 1.17584418e-03, 1.02645997e-03,
       1.83870321e-03, 9.91636995e-04, 3.74190167e-03, 1.99119994e-03,
       5.48249290e-04, 1.46852927e-03, 2.02862513e-03, 1.05117320e-03,
       1.96037023e-03, 2.76583821e-03, 1.24227745e-03, 1.47165546e-03,
       2.45074032e-04, 5.01342928e-04, 1.32824678e-03, 1.48236314e-03,
       9.18084830e-04, 9.61903364e-05, 1.88080757e-03, 1.27960822e-03,
       2.95256217e-04, 2.59325330e-04, 1.12083604e-03, 4.29534401e-04,
       7.98625700e-04, 1.09723838e-03, 7.95548991e-04, 2.14454134e-03,
       9.08588943e-04, 1.05043074e-03, 1.35603109e-03]), 'rank_test_score': array([56,  8, 51,  4, 47, 86,  6, 11, 35, 95, 72, 32, 75, 36, 82, 37, 33,
       45, 80,  5, 19, 34, 67, 26, 89, 28, 93, 55,  9, 24, 43, 69, 71, 81,
       73, 18, 39, 21, 10, 57, 59, 74, 42, 91, 68, 62, 87,  1, 14, 88, 64,
       76, 40, 17, 20, 49, 92, 27, 46, 94,  2, 50, 54, 31, 85, 77,  3, 84,
       44, 52, 83, 25, 38, 90, 63, 29, 30, 60, 41,  7, 58, 66, 78, 22, 23,
       12, 15, 53, 48, 65, 70, 79, 61, 16, 13]), 'split0_train_score': array([0.04736165, 0.04592183, 0.04399399, 0.04469717, 0.04609231,
       0.04544348, 0.04713163, 0.04638608, 0.04522207, 0.04946244,
       0.04668958, 0.04598074, 0.0428642 , 0.04692927, 0.04048249,
       0.0460235 , 0.04586695, 0.04652349, 0.04062006, 0.04538121,
       0.04649453, 0.04533774, 0.04506093, 0.04523101, 0.04405492,
       0.04448189, 0.04622871, 0.04605059, 0.04670837, 0.04411429,
       0.04553288, 0.04284247, 0.04575916, 0.04457432, 0.04618946,
       0.04489909, 0.0466198 , 0.04366089, 0.04591473, 0.0455638 ,
       0.04583444, 0.04581498, 0.04615257, 0.04587661, 0.04621305,
       0.0431271 , 0.04411   , 0.06111858, 0.04795677, 0.04591073,
       0.04700962, 0.04517493, 0.04445726, 0.0468308 , 0.04672603,
       0.04425532, 0.03858176, 0.04558986, 0.04579199, 0.04578014,
       0.05767002, 0.04758006, 0.04515784, 0.04722437, 0.0437788 ,
       0.04288006, 0.04819786, 0.04561315, 0.04471149, 0.04694682,
       0.04598921, 0.04671815, 0.04705302, 0.04730736, 0.04622458,
       0.04669261, 0.04787838, 0.0447198 , 0.04687868, 0.0468308 ,
       0.04581684, 0.0438722 , 0.04564156, 0.0472125 , 0.04482791,
       0.04603537, 0.04629763, 0.04351771, 0.04666401, 0.04597823,
       0.04518343, 0.04549441, 0.04435445, 0.04660738, 0.04662577]), 'split1_train_score': array([0.04672239, 0.04617696, 0.04521613, 0.04966356, 0.04481328,
       0.04300144, 0.0466273 , 0.04629527, 0.04749041, 0.04599861,
       0.04687905, 0.04670957, 0.04209215, 0.04646681, 0.04348935,
       0.04729637, 0.04640975, 0.04887585, 0.04603388, 0.04741544,
       0.04566604, 0.04702791, 0.04520202, 0.04638443, 0.04399054,
       0.04735957, 0.04387019, 0.04728037, 0.04582027, 0.04593474,
       0.04644038, 0.04532526, 0.04317073, 0.04575238, 0.04581143,
       0.0464455 , 0.04505536, 0.04744122, 0.04610592, 0.04563471,
       0.04702509, 0.04440759, 0.04604758, 0.04493726, 0.04272495,
       0.0453149 , 0.04221226, 0.04779775, 0.04450667, 0.04236611,
       0.04496644, 0.04336979, 0.04592156, 0.04731296, 0.04805883,
       0.04694093, 0.04594722, 0.04538932, 0.04631439, 0.04626143,
       0.05265289, 0.0444963 , 0.04462335, 0.04545373, 0.04192461,
       0.046215  , 0.05272179, 0.04238038, 0.0454392 , 0.04498676,
       0.04650398, 0.04583223, 0.04437922, 0.04047239, 0.0445441 ,
       0.04793827, 0.04658951, 0.04576199, 0.04634581, 0.04523755,
       0.04602422, 0.04465532, 0.04327306, 0.04555858, 0.04622222,
       0.04658635, 0.04489984, 0.04562154, 0.04537037, 0.04556678,
       0.04353893, 0.04599355, 0.04461153, 0.04664908, 0.04441956]), 'split2_train_score': array([0.04334917, 0.04665601, 0.04603219, 0.04625688, 0.04424848,
       0.04470451, 0.04676236, 0.04711779, 0.04435591, 0.00678377,
       0.04300179, 0.04486164, 0.04607723, 0.04455969, 0.04667845,
       0.04470501, 0.04517811, 0.04619816, 0.04443162, 0.04506303,
       0.04616956, 0.0447997 , 0.04317883, 0.04564103, 0.04267638,
       0.04577378, 0.03960265, 0.04317537, 0.04541898, 0.04546181,
       0.04569711, 0.04483159, 0.04562471, 0.04310328, 0.04338885,
       0.04660691, 0.04589333, 0.04679888, 0.04598522, 0.0444571 ,
       0.04147686, 0.04356359, 0.04385343, 0.0412053 , 0.04562285,
       0.04745339, 0.04480589, 0.04548201, 0.04583326, 0.04402978,
       0.04293852, 0.04593462, 0.04505747, 0.04500326, 0.04500574,
       0.04457864, 0.04625473, 0.04629328, 0.04454503, 0.037872  ,
       0.04300823, 0.04527669, 0.04550831, 0.04555525, 0.04693539,
       0.04356716, 0.04472034, 0.04358898, 0.04566407, 0.0445325 ,
       0.0419433 , 0.04613827, 0.04611096, 0.04351631, 0.04586302,
       0.0444311 , 0.04628569, 0.04436762, 0.04417344, 0.04644103,
       0.04408633, 0.04470002, 0.04507201, 0.04468586, 0.04619995,
       0.04568835, 0.04742279, 0.04545036, 0.04477301, 0.04388036,
       0.04414935, 0.04147494, 0.04612886, 0.04581784, 0.04657647]), 'mean_train_score': array([0.04581107, 0.0462516 , 0.04508077, 0.04687254, 0.04505136,
       0.04438314, 0.04684043, 0.04659972, 0.04568946, 0.03408161,
       0.04552347, 0.04585065, 0.04367786, 0.04598525, 0.0435501 ,
       0.04600829, 0.04581827, 0.04719916, 0.04369519, 0.04595323,
       0.04611004, 0.04572178, 0.04448059, 0.04575216, 0.04357395,
       0.04587174, 0.04323385, 0.04550211, 0.04598254, 0.04517028,
       0.04589012, 0.04433311, 0.04485154, 0.04447666, 0.04512991,
       0.04598383, 0.04585616, 0.04596699, 0.04600196, 0.04521854,
       0.0447788 , 0.04459539, 0.04535119, 0.04400639, 0.04485362,
       0.04529846, 0.04370938, 0.05146612, 0.0460989 , 0.04410221,
       0.04497153, 0.04482645, 0.04514543, 0.04638234, 0.04659687,
       0.0452583 , 0.04359457, 0.04575748, 0.04555047, 0.04330452,
       0.05111038, 0.04578435, 0.0450965 , 0.04607778, 0.04421294,
       0.04422074, 0.04854666, 0.04386084, 0.04527159, 0.04548869,
       0.04481216, 0.04622955, 0.04584773, 0.04376535, 0.0455439 ,
       0.04635399, 0.04691786, 0.0449498 , 0.04579931, 0.04616979,
       0.04530913, 0.04440918, 0.04466221, 0.04581898, 0.04575002,
       0.04610336, 0.04620676, 0.04486321, 0.04560246, 0.04514179,
       0.04429057, 0.04432097, 0.04503161, 0.0463581 , 0.04587393]), 'std_train_score': array([1.76028194e-03, 3.04340818e-04, 8.37576554e-04, 2.07372987e-03,
       7.71334757e-04, 1.02252566e-03, 2.13161604e-04, 3.68207963e-04,
       1.32164481e-03, 1.93542159e-02, 1.78477905e-03, 7.59999925e-04,
       1.72563892e-03, 1.02555735e-03, 2.52985449e-03, 1.05797534e-03,
       5.03993467e-04, 1.19300935e-03, 2.27070076e-03, 1.04207182e-03,
       3.40837469e-04, 9.49335775e-04, 9.22283773e-04, 4.77393480e-04,
       6.35218923e-04, 1.17684948e-03, 2.74224612e-03, 1.72014922e-03,
       5.38751616e-04, 7.71257281e-04, 3.94826595e-04, 1.07313292e-03,
       1.18977441e-03, 1.08369492e-03, 1.24075006e-03, 7.69856463e-04,
       6.39219963e-04, 1.65161497e-03, 7.89432328e-05, 5.39195209e-04,
       2.38488307e-03, 9.28669419e-04, 1.05994621e-03, 2.01745445e-03,
       1.52436006e-03, 1.76624105e-03, 1.09608341e-03, 6.89048854e-03,
       1.42096528e-03, 1.44799180e-03, 1.66202369e-03, 1.07568933e-03,
       6.01022577e-04, 9.94825860e-04, 1.24976185e-03, 1.19709938e-03,
       3.54681479e-03, 3.87606594e-04, 7.42255488e-04, 3.84639740e-03,
       6.08421756e-03, 1.30911597e-03, 3.63878107e-04, 8.11817418e-04,
       2.06854971e-03, 1.43777953e-03, 3.27587990e-03, 1.33369866e-03,
       4.06546848e-04, 1.04759816e-03, 2.03944682e-03, 3.67388002e-04,
       1.10733024e-03, 2.79591563e-03, 7.22212081e-04, 1.45167712e-03,
       6.90423967e-04, 5.92027691e-04, 1.17006443e-03, 6.78127286e-04,
       8.68785278e-04, 3.80140323e-04, 1.00942272e-03, 1.04780335e-03,
       6.52099668e-04, 3.69742986e-04, 1.03199299e-03, 9.53970590e-04,
       7.89247611e-04, 9.07643699e-04, 6.78747013e-04, 2.02273103e-03,
       7.82935991e-04, 3.82401703e-04, 1.02859267e-03])}
Best estimator: OneVsRestClassifier(estimator=MLPClassifier(activation='relu', alpha=0.01,
                                            batch_size=1000, beta_1=0.9,
                                            beta_2=0.999, early_stopping=True,
                                            epsilon=1e-08,
                                            hidden_layer_sizes=(10, 10, 10),
                                            learning_rate='adaptive',
                                            learning_rate_init=0.001,
                                            max_fun=15000, max_iter=25,
                                            momentum=0.9, n_iter_no_change=10,
                                            nesterovs_momentum=True,
                                            power_t=0.5, random_state=None,
                                            shuffle=True, solver='adam',
                                            tol=0.0001, validation_fraction=0.1,
                                            verbose=True, warm_start=True),
                    n_jobs=-1)
Best score: 0.05182176853184923
Best hyperparameters: {'estimator__alpha': 0.01, 'estimator__hidden_layer_sizes': (10, 10, 10)}
Refit time: 17.543002128601074


Cohen: 0.21794468766731345
F1: 0.2906197654941373
Accuracy: 0.8657154181529925
Precision: 0.25608856088560883
Recall: 0.33591481122942884
names               |Cohen               |F1_score            |Accuracy            |Precision           |Recall
---------------------------------------------------------------------------------------------------------------------
Emphysema           |0.0000              |0.0304              |0.0155              |0.0155              |1.0000
Infiltration        |0.0000              |0.0000              |0.8240              |0.0000              |0.0000
Pleural_Thickening        |0.0000              |0.0000              |0.9667              |0.0000              |0.0000
Pneumothorax        |0.0000              |0.0000              |0.9501              |0.0000              |0.0000
Cardiomegaly        |0.0000              |0.0000              |0.9798              |0.0000              |0.0000
No Finding          |0.2340              |0.6802              |0.6266              |0.6498              |0.7137
Atelectasis         |0.0000              |0.0000              |0.9180              |0.0000              |0.0000
Edema               |0.0000              |0.0000              |0.9834              |0.0000              |0.0000
Effusion            |0.0000              |0.0000              |0.8966              |0.0000              |0.0000
Consolidation        |0.0000              |0.0000              |0.9548              |0.0000              |0.0000
Mass                |0.0000              |0.0000              |0.9608              |0.0000              |0.0000
Nodule              |0.0000              |0.0000              |0.9394              |0.0000              |0.0000
Fibrosis            |0.0000              |0.0000              |0.9798              |0.0000              |0.0000
Pneumonia           |0.0000              |0.0000              |0.9905              |0.0000              |0.0000
Hernia              |nan                 |0.0000              |1.0000              |0.0000              |0.0000
