Cohen: 0.36719131793053417
F1: 0.41598360655737704
Accuracy: 0.9096313912009513
Precision: 0.44178454842219805
Recall: 0.39303000968054214
names              |Cohen              |F1_score           |Accuracy           |Precision          |Recall
-------------------------------------------------------------------------------------------------------------
Emphysema          |-0.0099            |0.0000             |0.9774             |0.0000             |0.0000
Infiltration       |0.0522             |0.1818             |0.7646             |0.2340             |0.1486
Pleural_Thickening |-0.0178            |0.0000             |0.9548             |0.0000             |0.0000
Pneumothorax       |0.0272             |0.0615             |0.9275             |0.0870             |0.0476
Cardiomegaly       |-0.0170            |0.0000             |0.9655             |0.0000             |0.0000
No Finding         |0.2249             |0.6846             |0.6243             |0.6423             |0.7329
Atelectasis        |0.0872             |0.1563             |0.8716             |0.1695             |0.1449
Edema              |0.0557             |0.0714             |0.9691             |0.0714             |0.0714
Effusion           |0.1390             |0.2286             |0.8395             |0.2273             |0.2299
Consolidation      |0.0810             |0.1176             |0.9287             |0.1333             |0.1053
Mass               |0.0601             |0.0952             |0.9322             |0.1000             |0.0909
Nodule             |0.0028             |0.0303             |0.9239             |0.0667             |0.0196
Fibrosis           |0.0000             |0.0000             |0.9798             |0.0000             |0.0000
Pneumonia          |-0.0052            |0.0000             |0.9869             |0.0000             |0.0000
Hernia             |0.0000             |0.0000             |0.9988             |0.0000             |0.0000
4239.936049222946
