Classifier type 1

Cohen: 0.3446313541697542
F1: 0.39981185324553153
Accuracy: 0.8988505747126436
Precision: 0.3888380603842635
Recall: 0.41142303969022265
names              |Cohen              |F1_score           |Accuracy           |Precision          |Recall
-------------------------------------------------------------------------------------------------------------
Emphysema          |-0.0163            |0.0000             |0.9679             |0.0000             |0.0000
Infiltration       |0.0872             |0.2374             |0.7479             |0.2538             |0.2230
Pleural_Thickening |0.0051             |0.0370             |0.9382             |0.0385             |0.0357
Pneumothorax       |0.0145             |0.0556             |0.9191             |0.0667             |0.0476
Cardiomegaly       |0.0241             |0.0476             |0.9524             |0.0400             |0.0588
No Finding         |0.2385             |0.6968             |0.6326             |0.6443             |0.7585
Atelectasis        |0.0468             |0.1148             |0.8716             |0.1321             |0.1014
Edema              |0.0290             |0.0500             |0.9548             |0.0385             |0.0714
Effusion           |0.0735             |0.1705             |0.8264             |0.1685             |0.1724
Consolidation      |0.0354             |0.0789             |0.9168             |0.0789             |0.0789
Mass               |0.0532             |0.0976             |0.9120             |0.0816             |0.1212
Nodule             |0.0032             |0.0612             |0.8906             |0.0638             |0.0588
Fibrosis           |-0.0061            |0.0000             |0.9762             |0.0000             |0.0000
Pneumonia          |-0.0111            |0.0000             |0.9774             |0.0000             |0.0000
Hernia             |0.0000             |0.0000             |0.9988             |0.0000             |0.0000
14630.252722978592
